051 dc81 2022 03 16 12 41 33
time, latitude, longitude, accuracy, private
0.3,52.020142,4.268658,4.0,P
1.6,52.020143,4.268667,4.0,P
2.6,52.020143,4.268670,4.0,P
3.7,52.020144,4.268670,4.0,P
4.7,52.020145,4.268670,4.0,P
6.0,52.020147,4.268668,4.0,P
7.7,52.020147,4.268666,4.0,P
8.7,52.020149,4.268665,4.0,P
9.8,52.020150,4.268665,4.0,P
11.0,52.020149,4.268668,4.0,P
12.8,52.020154,4.268688,4.0,P
13.7,52.020154,4.268695,4.0,P
15.0,52.020153,4.268697,4.0,P
16.6,52.020151,4.268712,4.0,P
17.7,52.020151,4.268716,4.0,P
18.7,52.020149,4.268715,4.0,P
19.7,52.020147,4.268714,16.0,P
20.7,52.020146,4.268714,16.0,P
21.7,52.020146,4.268714,16.0,P
22.7,52.020146,4.268714,16.0,P
23.8,52.020146,4.268714,16.0,P
24.7,52.020145,4.268713,16.0,P
25.8,52.020145,4.268713,16.0,P
26.7,52.020145,4.268713,16.0,P
27.7,52.020145,4.268712,16.0,P
28.7,52.020145,4.268712,16.0,P
29.8,52.020145,4.268712,16.0,P
30.7,52.020145,4.268712,16.0,P
32.0,52.020144,4.268712,16.0,P
33.8,52.020144,4.268711,16.0,P
34.7,52.020144,4.268711,16.0,P
35.8,52.020144,4.268711,16.0,P
36.7,52.020144,4.268710,16.0,P
37.7,52.020144,4.268710,16.0,P
38.8,52.020144,4.268710,16.0,P
39.7,52.020144,4.268709,16.0,P
40.7,52.020144,4.268709,16.0,P
41.8,52.020143,4.268708,16.0,P
42.7,52.020143,4.268708,16.0,P
43.7,52.020143,4.268706,16.0,P
44.7,52.020143,4.268701,16.0,P
45.8,52.020144,4.268701,16.0,P
46.7,52.020144,4.268699,16.0,P
47.8,52.020144,4.268699,16.0,P
48.8,52.020144,4.268698,16.0,P
49.7,52.020143,4.268695,16.0,P
50.7,52.020142,4.268696,16.0,P
51.9,52.020141,4.268693,16.0,P
52.8,52.020139,4.268686,16.0,P
53.7,52.020138,4.268681,16.0,P
54.7,52.020133,4.268682,16.0,P
55.7,52.020127,4.268683,16.0,P
56.8,52.020118,4.268689,16.0,P
57.8,52.020109,4.268691,16.0,P
58.8,52.020098,4.268689,16.0,P
59.8,52.020085,4.268687,16.0,P
60.8,52.020071,4.268681,16.0,P
61.7,52.020057,4.268670,16.0,P
62.7,52.020052,4.268665,16.0,P
63.7,52.020047,4.268666,16.0,P
64.7,52.020045,4.268668,16.0,P
65.8,52.020045,4.268669,16.0,P
66.7,52.020045,4.268673,16.0,P
67.8,52.020045,4.268667,16.0,P
68.8,52.020049,4.268662,16.0,P
69.8,52.020055,4.268656,16.0,P
70.9,52.020062,4.268648,4.0,P
71.7,52.020060,4.268634,4.0,P
72.7,52.020070,4.268614,4.0,P
73.7,52.020078,4.268605,4.0,P
74.8,52.020085,4.268593,4.0,P
75.7,52.020085,4.268578,4.0,P
77.0,52.020089,4.268558,4.0,P
78.8,52.020098,4.268564,3.0,P
79.7,52.020096,4.268566,3.0,P
80.7,52.020084,4.268582,3.0,P
81.7,52.020072,4.268596,3.0,P
82.8,52.020060,4.268615,3.0,P
83.7,52.020051,4.268627,3.0,P
84.7,52.020044,4.268642,3.0,P
85.7,52.020035,4.268656,3.0,P
86.7,52.020028,4.268668,3.0,P
87.7,52.020021,4.268682,3.0,P
88.7,52.020014,4.268692,3.0,P
89.7,52.020008,4.268702,3.0,P
90.7,52.020006,4.268691,3.0,P
91.7,52.020015,4.268675,3.0,P
92.7,52.020019,4.268659,3.0,P
93.6,52.020022,4.268645,3.0,P
94.7,52.020025,4.268630,3.0,P
95.7,52.020031,4.268618,3.0,P
96.7,52.020038,4.268600,3.0,P
97.7,52.020045,4.268589,3.0,P
98.7,52.020051,4.268570,4.0,P
99.7,52.020057,4.268558,4.0,P
100.7,52.020063,4.268541,4.0,P
101.7,52.020069,4.268529,4.0,P
102.7,52.020078,4.268526,4.0,P
103.7,52.020088,4.268517,4.0,P
104.7,52.020098,4.268528,4.0,P
105.8,52.020103,4.268540,4.0,P
106.7,52.020103,4.268543,4.0,P
107.7,52.020089,4.268554,4.0,P
108.7,52.020076,4.268574,4.0,P
109.7,52.020064,4.268590,4.0,P
110.7,52.020051,4.268614,3.0,P
111.7,52.020040,4.268632,3.0,P
112.6,52.020030,4.268646,3.0,P
113.7,52.020019,4.268657,3.0,P
114.8,52.020012,4.268669,3.0,P
115.7,52.020003,4.268685,3.0,P
116.7,52.019998,4.268683,3.0,P
117.7,52.019999,4.268676,3.0,P
118.7,52.020000,4.268670,3.0,P
119.7,52.020003,4.268660,3.0,P
120.7,52.020008,4.268648,3.0,P
121.7,52.020014,4.268623,3.0,P
122.7,52.020019,4.268611,3.0,P
123.7,52.020026,4.268587,3.0,P
124.7,52.020031,4.268571,3.0,P
125.8,52.020037,4.268552,3.0,P
126.8,52.020044,4.268528,4.0,P
127.7,52.020053,4.268522,4.0,P
128.7,52.020054,4.268511,4.0,P
129.7,52.020055,4.268505,4.0,P
130.7,52.020059,4.268507,3.0,P
131.7,52.020064,4.268517,3.0,P
132.7,52.020073,4.268535,3.0,P
133.7,52.020078,4.268543,3.0,P
134.7,52.020068,4.268565,4.0,P
135.7,52.020055,4.268582,4.0,P
136.7,52.020046,4.268601,4.0,P
137.7,52.020037,4.268624,4.0,P
138.7,52.020029,4.268637,3.0,P
139.8,52.020020,4.268653,3.0,P
140.7,52.020012,4.268662,3.0,P
141.7,52.020004,4.268673,3.0,P
142.8,52.019998,4.268687,3.0,P
143.8,52.019995,4.268689,3.0,P
144.8,52.019998,4.268681,3.0,P
145.7,52.020001,4.268666,3.0,P
146.7,52.020006,4.268653,3.0,P
147.7,52.020011,4.268635,3.0,P
148.7,52.020018,4.268616,3.0,P
149.7,52.020027,4.268600,3.0,P
150.9,52.020032,4.268587,3.0,P
151.7,52.020038,4.268567,3.0,P
152.7,52.020044,4.268560,3.0,P
153.7,52.020050,4.268544,3.0,P
154.7,52.020058,4.268520,4.0,P
155.7,52.020061,4.268504,4.0,P
156.8,52.020065,4.268483,3.0,P
157.7,52.020066,4.268492,3.0,P
158.7,52.020061,4.268505,3.0,P
159.7,52.020052,4.268531,3.0,P
160.7,52.020047,4.268558,4.0,P
161.7,52.020041,4.268575,4.0,P
162.7,52.020033,4.268594,4.0,P
163.7,52.020029,4.268609,4.0,P
164.8,52.020024,4.268629,3.0,P
165.8,52.020021,4.268645,3.0,P
166.7,52.020014,4.268656,3.0,P
167.7,52.020013,4.268669,3.0,P
168.9,52.020012,4.268685,3.0,P
169.7,52.020013,4.268685,3.0,P
170.9,52.020018,4.268676,3.0,P
171.7,52.020023,4.268663,3.0,P
172.7,52.020028,4.268651,3.0,P
173.8,52.020030,4.268640,3.0,P
174.7,52.020033,4.268620,3.0,P
175.7,52.020038,4.268599,3.0,P
176.8,52.020043,4.268579,4.0,P
177.7,52.020047,4.268560,4.0,P
178.7,52.020053,4.268543,4.0,P
179.7,52.020060,4.268526,4.0,P
180.7,52.020066,4.268513,4.0,P
181.8,52.020070,4.268493,4.0,P
182.7,52.020076,4.268484,4.0,P
183.7,52.020082,4.268502,3.0,P
184.7,52.020083,4.268518,3.0,P
185.7,52.020081,4.268546,3.0,P
186.7,52.020075,4.268567,3.0,P
187.7,52.020064,4.268593,3.0,P
188.7,52.020055,4.268613,3.0,P
189.7,52.020045,4.268633,3.0,P
190.7,52.020037,4.268647,3.0,P
191.7,52.020030,4.268665,3.0,P
192.7,52.020019,4.268678,3.0,P
193.7,52.020011,4.268690,3.0,P
194.7,52.020006,4.268699,3.0,P
195.7,52.020009,4.268695,3.0,P
196.7,52.020012,4.268684,3.0,P
197.7,52.020017,4.268664,3.0,P
198.8,52.020025,4.268648,3.0,P
199.7,52.020033,4.268628,4.0,P
200.8,52.020040,4.268606,4.0,P
201.7,52.020048,4.268585,4.0,P
202.7,52.020054,4.268565,4.0,P
203.7,52.020061,4.268551,4.0,P
204.7,52.020076,4.268546,4.0,P
205.7,52.020079,4.268518,4.0,P
206.7,52.020083,4.268511,4.0,P
207.8,52.020089,4.268526,4.0,P
208.7,52.020090,4.268538,4.0,P
209.8,52.020092,4.268556,4.0,P
210.7,52.020081,4.268580,4.0,P
211.7,52.020071,4.268601,3.0,P
212.7,52.020063,4.268620,3.0,P
213.7,52.020056,4.268639,3.0,P
214.7,52.020047,4.268656,3.0,P
215.7,52.020040,4.268670,3.0,P
216.7,52.020031,4.268680,3.0,P
217.7,52.020022,4.268692,3.0,P
218.8,52.020015,4.268700,3.0,P
219.7,52.020013,4.268699,3.0,P
220.7,52.020017,4.268694,3.0,P
221.8,52.020021,4.268684,3.0,P
222.8,52.020026,4.268670,3.0,P
223.7,52.020033,4.268650,3.0,P
224.8,52.020040,4.268625,3.0,P
225.7,52.020047,4.268605,3.0,P
227.0,52.020052,4.268585,3.0,P
228.7,52.020068,4.268546,4.0,P
230.0,52.020081,4.268532,4.0,P
231.7,52.020097,4.268529,3.0,P
232.7,52.020100,4.268533,3.0,P
233.7,52.020087,4.268543,3.0,P
234.8,52.020074,4.268561,3.0,P
235.7,52.020063,4.268586,3.0,P
236.7,52.020057,4.268603,3.0,P
237.9,52.020049,4.268621,3.0,P
238.7,52.020038,4.268641,3.0,P
239.7,52.020026,4.268665,3.0,P
240.7,52.020017,4.268682,3.0,P
241.7,52.020010,4.268699,3.0,P
242.9,52.020007,4.268708,3.0,P
243.8,52.020009,4.268707,3.0,P
244.8,52.020020,4.268699,3.0,P
245.7,52.020032,4.268681,3.0,P
246.7,52.020040,4.268661,3.0,P
247.7,52.020048,4.268639,4.0,P
248.7,52.020060,4.268626,4.0,P
249.7,52.020070,4.268611,4.0,P
250.8,52.020072,4.268592,4.0,P
251.7,52.020080,4.268574,4.0,P
252.7,52.020082,4.268558,4.0,P
253.8,52.020087,4.268541,4.0,P
254.7,52.020091,4.268525,4.0,P
255.7,52.020093,4.268525,3.0,P
256.7,52.020092,4.268536,3.0,P
257.7,52.020094,4.268546,3.0,P
258.7,52.020081,4.268563,3.0,P
259.7,52.020078,4.268576,3.0,P
260.7,52.020073,4.268595,3.0,P
261.7,52.020058,4.268622,3.0,P
262.8,52.020049,4.268640,3.0,P
263.7,52.020041,4.268651,3.0,P
264.7,52.020031,4.268665,3.0,P
265.7,52.020024,4.268676,3.0,P
266.7,52.020020,4.268682,3.0,P
267.7,52.020021,4.268686,3.0,P
268.7,52.020027,4.268678,3.0,P
269.7,52.020029,4.268673,3.0,P
270.7,52.020036,4.268655,3.0,P
271.7,52.020042,4.268636,3.0,P
272.7,52.020050,4.268618,3.0,P
273.7,52.020054,4.268593,3.0,P
274.7,52.020060,4.268568,3.0,P
275.7,52.020065,4.268544,4.0,P
276.7,52.020069,4.268527,4.0,P
277.7,52.020075,4.268512,4.0,P
279.0,52.020081,4.268501,4.0,P
280.8,52.020085,4.268513,3.0,P
282.0,52.020083,4.268532,3.0,P
283.8,52.020072,4.268581,3.0,P
284.7,52.020070,4.268589,3.0,P
285.8,52.020067,4.268600,3.0,P
286.7,52.020064,4.268612,3.0,P
287.8,52.020061,4.268625,4.0,P
288.9,52.020055,4.268635,4.0,P
290.8,52.020040,4.268666,4.0,P
291.7,52.020033,4.268675,4.0,P
292.8,52.020028,4.268668,4.0,P
293.7,52.020027,4.268662,4.0,P
294.8,52.020030,4.268640,4.0,P
295.7,52.020035,4.268620,4.0,P
297.0,52.020041,4.268603,4.0,P
298.0,52.020047,4.268582,4.0,P
299.7,52.020051,4.268550,4.0,P
300.7,52.020058,4.268535,4.0,P
301.7,52.020063,4.268518,4.0,P
302.7,52.020069,4.268507,4.0,P
303.7,52.020073,4.268514,3.0,P
304.7,52.020074,4.268525,3.0,P
305.7,52.020075,4.268536,3.0,P
306.7,52.020074,4.268549,3.0,P
307.7,52.020071,4.268569,3.0,P
308.8,52.020071,4.268585,3.0,P
309.7,52.020067,4.268600,3.0,P
310.7,52.020066,4.268606,3.0,P
311.8,52.020065,4.268614,3.0,P
312.7,52.020059,4.268623,3.0,P
313.7,52.020053,4.268630,3.0,P
314.9,52.020049,4.268642,3.0,P
316.7,52.020043,4.268650,4.0,P
317.7,52.020039,4.268652,4.0,P
318.7,52.020031,4.268656,4.0,P
319.8,52.020030,4.268652,3.0,P
320.7,52.020034,4.268627,3.0,P
321.7,52.020039,4.268605,3.0,P
322.7,52.020047,4.268585,3.0,P
323.7,52.020058,4.268570,4.0,P
324.8,52.020060,4.268543,4.0,P
325.7,52.020065,4.268533,4.0,P
326.8,52.020072,4.268520,4.0,P
327.8,52.020078,4.268507,4.0,P
328.8,52.020084,4.268496,4.0,P
329.7,52.020085,4.268516,4.0,P
330.7,52.020081,4.268531,4.0,P
331.7,52.020076,4.268555,3.0,P
332.7,52.020070,4.268579,3.0,P
333.7,52.020063,4.268601,3.0,P
334.7,52.020061,4.268617,3.0,P
335.7,52.020055,4.268629,3.0,P
336.9,52.020047,4.268644,3.0,P
337.7,52.020046,4.268653,3.0,P
338.7,52.020040,4.268662,3.0,P
339.7,52.020018,4.268690,3.0,P
340.8,52.020007,4.268702,3.0,P
341.7,52.019999,4.268702,3.0,P
342.7,52.020001,4.268689,3.0,P
343.7,52.020003,4.268671,3.0,P
344.7,52.020003,4.268651,3.0,P
345.8,52.020026,4.268610,3.0,P
346.8,52.020042,4.268571,3.0,P
347.7,52.020052,4.268538,3.0,P
348.8,52.020054,4.268526,3.0,P
349.7,52.020064,4.268498,3.0,P
350.8,52.020067,4.268477,3.0,P
351.8,52.020078,4.268476,4.0,P
352.8,52.020084,4.268484,4.0,P
353.7,52.020084,4.268500,4.0,P
354.7,52.020077,4.268530,4.0,P
355.7,52.020063,4.268556,4.0,P
356.6,52.020064,4.268587,4.0,P
357.8,52.020060,4.268611,4.0,P
358.7,52.020054,4.268632,4.0,P
359.7,52.020051,4.268649,3.0,P
360.7,52.020044,4.268665,3.0,P
361.8,52.020038,4.268686,3.0,P
362.7,52.020035,4.268698,3.0,P
363.7,52.020039,4.268705,3.0,P
364.7,52.020037,4.268703,3.0,P
365.7,52.020034,4.268691,3.0,P
366.8,52.020026,4.268682,3.0,P
367.7,52.020022,4.268666,3.0,P
368.7,52.020036,4.268630,3.0,P
369.9,52.020042,4.268613,3.0,P
370.8,52.020039,4.268593,3.0,P
371.7,52.020042,4.268570,3.0,P
372.8,52.020046,4.268564,3.0,P
373.7,52.020047,4.268568,3.0,P
374.8,52.020047,4.268579,3.0,P
375.9,52.020049,4.268581,3.0,P
376.7,52.020050,4.268582,3.0,P
377.7,52.020050,4.268584,3.0,P
378.7,52.020054,4.268593,3.0,P
379.8,52.020064,4.268608,4.0,P
380.7,52.020073,4.268633,4.0,P
381.8,52.020074,4.268660,4.0,P
382.7,52.020077,4.268672,4.0,P
383.7,52.020077,4.268674,4.0,P
384.7,52.020076,4.268669,4.0,P
385.7,52.020070,4.268667,4.0,P
386.7,52.020074,4.268672,4.0,P
388.0,52.020076,4.268676,4.0,P
389.7,52.020092,4.268682,4.0,P
390.7,52.020099,4.268686,3.0,P
391.9,52.020098,4.268689,3.0,P
392.7,52.020096,4.268689,3.0,P
393.7,52.020092,4.268687,3.0,P
394.7,52.020088,4.268684,4.0,P
395.7,52.020088,4.268667,4.0,P
396.7,52.020082,4.268657,4.0,P
397.7,52.020080,4.268640,4.0,P
398.7,52.020080,4.268633,3.0,P
399.7,52.020078,4.268632,3.0,P
400.8,52.020078,4.268632,3.0,P
401.7,52.020077,4.268633,3.0,P
402.7,52.020079,4.268630,4.0,P
403.8,52.020081,4.268625,4.0,P
404.8,52.020081,4.268618,4.0,P
405.8,52.020082,4.268616,4.0,P
406.9,52.020080,4.268615,4.0,P
408.8,52.020057,4.268611,6.0,P
410.0,52.020053,4.268612,6.0,P
411.7,52.020035,4.268595,6.0,P
412.8,52.020026,4.268603,6.0,P
413.7,52.020023,4.268612,6.0,P
414.7,52.020015,4.268613,6.0,P
415.7,52.020005,4.268620,6.0,P
416.7,52.020000,4.268618,6.0,P
417.9,52.019996,4.268606,6.0,P
418.7,52.019992,4.268592,6.0,P
419.8,52.019991,4.268601,6.0,P
420.7,52.019985,4.268608,6.0,P
421.7,52.019984,4.268618,6.0,P
422.7,52.019980,4.268622,6.0,P
423.7,52.019984,4.268624,6.0,P
424.7,52.019987,4.268635,4.0,P
425.7,52.019987,4.268645,4.0,P
426.8,52.019995,4.268659,4.0,P
427.7,52.020006,4.268665,4.0,P
428.7,52.020021,4.268687,4.0,P
429.7,52.020034,4.268691,4.0,P
430.7,52.020045,4.268690,4.0,P
431.7,52.020057,4.268690,4.0,P
432.7,52.020074,4.268693,4.0,P
434.0,52.020087,4.268682,16.0,P
435.9,52.020101,4.268691,16.0,P
436.7,52.020105,4.268686,16.0,P
437.7,52.020107,4.268681,16.0,P
438.7,52.020111,4.268672,4.0,P
439.9,52.020114,4.268670,4.0,P
441.0,52.020118,4.268668,4.0,P
442.7,52.020116,4.268662,3.0,P
443.8,52.020116,4.268660,3.0,P
444.8,52.020117,4.268658,3.0,P
445.7,52.020118,4.268654,3.0,P
446.9,52.020118,4.268654,2.0,P
448.8,52.020119,4.268653,2.0,P
449.7,52.020119,4.268653,2.0,P
450.7,52.020120,4.268653,2.0,P
451.7,52.020120,4.268653,2.0,P
452.7,52.020120,4.268652,2.0,P
453.7,52.020121,4.268652,2.0,P
454.7,52.020121,4.268652,1.5,P
455.7,52.020121,4.268652,1.5,P
456.7,52.020121,4.268652,1.5,P
457.7,52.020121,4.268652,1.5,P
458.7,52.020121,4.268652,1.5,P
459.7,52.020122,4.268652,1.5,P
460.8,52.020122,4.268651,1.5,P
461.7,52.020122,4.268651,1.5,P
462.7,52.020122,4.268651,1.5,P
463.9,52.020122,4.268651,1.5,P
464.7,52.020122,4.268651,1.5,P
465.7,52.020122,4.268650,1.5,P
466.8,52.020122,4.268650,1.5,P
467.7,52.020123,4.268650,1.5,P
468.8,52.020123,4.268650,1.5,P
469.7,52.020123,4.268650,1.5,P
470.7,52.020123,4.268650,1.5,P
471.7,52.020124,4.268650,1.5,P
472.7,52.020124,4.268650,1.5,P
473.7,52.020124,4.268650,1.5,P
474.9,52.020124,4.268650,2.0,P
475.7,52.020125,4.268650,2.0,P
476.9,52.020125,4.268649,2.0,P
477.7,52.020125,4.268649,2.0,P
478.7,52.020126,4.268649,2.0,P
479.7,52.020125,4.268649,2.0,P
480.7,52.020125,4.268648,2.0,P
481.7,52.020125,4.268646,2.0,P
482.7,52.020125,4.268645,2.0,P
483.8,52.020126,4.268645,2.0,P
484.7,52.020126,4.268644,2.0,P
485.7,52.020126,4.268644,2.0,P
486.8,52.020126,4.268644,2.0,P
487.7,52.020126,4.268643,2.0,P
488.8,52.020126,4.268642,2.0,P
489.7,52.020126,4.268642,3.0,P
490.9,52.020126,4.268644,3.0,P
491.7,52.020121,4.268643,3.0,P
492.7,52.020113,4.268647,3.0,P
493.6,52.020107,4.268645,4.0,P
494.8,52.020099,4.268645,4.0,P
495.7,52.020096,4.268650,4.0,P
496.6,52.020091,4.268652,4.0,P
497.8,52.020080,4.268672,3.0,P
498.7,52.020079,4.268676,3.0,P
499.8,52.020071,4.268674,3.0,P
500.8,52.020062,4.268666,3.0,P
501.8,52.020046,4.268666,3.0,P
502.7,52.020032,4.268654,3.0,P
503.7,52.020026,4.268644,3.0,P
504.7,52.020018,4.268635,3.0,P
505.8,52.020015,4.268630,2.0,P
507.0,52.020013,4.268628,2.0,P
508.7,52.020013,4.268628,2.0,P
509.7,52.020013,4.268628,2.0,P
510.7,52.020015,4.268620,2.0,P
511.7,52.020020,4.268608,3.0,P
512.9,52.020029,4.268594,3.0,P
513.9,52.020035,4.268575,3.0,P
514.9,52.020042,4.268559,3.0,P
515.7,52.020046,4.268537,3.0,P
516.7,52.020052,4.268522,3.0,P
517.7,52.020057,4.268514,3.0,P
518.8,52.020067,4.268506,3.0,P
519.7,52.020070,4.268490,3.0,P
520.7,52.020076,4.268485,3.0,P
521.7,52.020079,4.268474,3.0,P
522.7,52.020090,4.268506,3.0,P
523.8,52.020095,4.268517,3.0,P
524.7,52.020094,4.268543,3.0,P
525.7,52.020090,4.268571,3.0,P
526.7,52.020094,4.268584,3.0,P
528.1,52.020091,4.268598,3.0,P
530.0,52.020083,4.268615,3.0,P
531.7,52.020067,4.268643,3.0,P
532.8,52.020059,4.268657,3.0,P
533.7,52.020056,4.268664,3.0,P
534.7,52.020051,4.268670,3.0,P
535.7,52.020047,4.268674,3.0,P
536.6,52.020049,4.268673,3.0,P
537.7,52.020051,4.268653,3.0,P
538.7,52.020060,4.268642,3.0,P
539.7,52.020066,4.268616,3.0,P
540.7,52.020067,4.268589,3.0,P
541.8,52.020069,4.268569,3.0,P
542.7,52.020074,4.268549,3.0,P
543.7,52.020081,4.268528,3.0,P
544.7,52.020091,4.268508,3.0,P
545.7,52.020096,4.268491,3.0,P
546.7,52.020099,4.268483,3.0,P
547.9,52.020102,4.268481,3.0,P
548.8,52.020101,4.268504,3.0,P
549.8,52.020091,4.268532,3.0,P
550.7,52.020100,4.268548,3.0,P
551.7,52.020104,4.268559,4.0,P
552.8,52.020103,4.268575,4.0,P
553.8,52.020094,4.268591,4.0,P
554.7,52.020085,4.268604,4.0,P
555.7,52.020078,4.268618,3.0,P
556.9,52.020071,4.268627,3.0,P
558.7,52.020054,4.268658,3.0,P
559.7,52.020048,4.268666,3.0,P
560.7,52.020044,4.268673,3.0,P
561.7,52.020051,4.268666,3.0,P
562.8,52.020059,4.268662,3.0,P
563.8,52.020065,4.268637,3.0,P
564.7,52.020072,4.268612,3.0,P
565.7,52.020080,4.268595,3.0,P
566.8,52.020092,4.268578,3.0,P
567.7,52.020093,4.268556,4.0,P
568.9,52.020102,4.268537,4.0,P
569.7,52.020110,4.268521,4.0,P
570.7,52.020119,4.268510,4.0,P
571.7,52.020126,4.268504,4.0,P
572.7,52.020133,4.268518,4.0,P
573.8,52.020133,4.268541,4.0,P
574.7,52.020127,4.268546,4.0,P
575.7,52.020116,4.268545,4.0,P
576.7,52.020093,4.268566,4.0,P
577.7,52.020077,4.268594,4.0,P
578.7,52.020072,4.268610,4.0,P
579.7,52.020064,4.268625,3.0,P
580.7,52.020058,4.268638,3.0,P
581.8,52.020052,4.268646,3.0,P
582.7,52.020046,4.268658,3.0,P
583.9,52.020041,4.268669,3.0,P
584.8,52.020039,4.268671,3.0,P
585.8,52.020034,4.268678,3.0,P
586.8,52.020034,4.268672,3.0,P
587.9,52.020039,4.268656,3.0,P
588.7,52.020049,4.268636,3.0,P
589.9,52.020056,4.268613,3.0,P
590.7,52.020057,4.268586,3.0,P
591.7,52.020060,4.268569,3.0,P
592.7,52.020067,4.268539,3.0,P
593.7,52.020073,4.268505,3.0,P
594.7,52.020072,4.268487,3.0,P
595.7,52.020071,4.268468,4.0,P
596.8,52.020073,4.268455,4.0,P
597.7,52.020076,4.268482,4.0,P
598.8,52.020076,4.268515,4.0,P
599.7,52.020080,4.268542,3.0,P
600.7,52.020087,4.268558,3.0,P
601.7,52.020088,4.268578,3.0,P
602.7,52.020082,4.268596,3.0,P
603.9,52.020079,4.268614,3.0,P
604.7,52.020074,4.268629,3.0,P
605.7,52.020071,4.268635,3.0,P
606.8,52.020062,4.268650,3.0,P
607.7,52.020057,4.268661,3.0,P
608.7,52.020049,4.268674,3.0,P
609.9,52.020042,4.268683,3.0,P
610.7,52.020047,4.268677,3.0,P
611.7,52.020051,4.268662,3.0,P
612.7,52.020055,4.268638,3.0,P
613.8,52.020063,4.268621,3.0,P
614.8,52.020070,4.268600,3.0,P
615.8,52.020073,4.268574,4.0,P
616.7,52.020074,4.268554,4.0,P
617.8,52.020083,4.268536,4.0,P
618.7,52.020079,4.268512,4.0,P
619.7,52.020082,4.268495,4.0,P
620.7,52.020085,4.268487,4.0,P
621.8,52.020088,4.268505,4.0,P
622.7,52.020096,4.268513,4.0,P
623.7,52.020100,4.268526,4.0,P
624.7,52.020090,4.268562,4.0,P
625.7,52.020093,4.268579,4.0,P
626.7,52.020092,4.268593,4.0,P
627.7,52.020090,4.268596,4.0,P
628.7,52.020087,4.268597,4.0,P
629.7,52.020086,4.268601,4.0,P
630.9,52.020083,4.268615,4.0,P
631.7,52.020077,4.268626,3.0,P
633.1,52.020071,4.268637,3.0,P
634.8,52.020058,4.268648,3.0,P
635.7,52.020055,4.268639,3.0,P
636.7,52.020058,4.268610,3.0,P
637.8,52.020064,4.268584,3.0,P
638.7,52.020077,4.268561,3.0,P
639.7,52.020079,4.268538,4.0,P
640.8,52.020089,4.268525,4.0,P
641.7,52.020089,4.268506,4.0,P
642.7,52.020099,4.268494,4.0,P
643.7,52.020097,4.268478,4.0,P
644.7,52.020098,4.268464,4.0,P
645.7,52.020099,4.268477,4.0,P
646.8,52.020099,4.268496,4.0,P
647.7,52.020098,4.268511,4.0,P
648.9,52.020099,4.268525,4.0,P
649.7,52.020098,4.268535,4.0,P
650.7,52.020093,4.268545,4.0,P
651.7,52.020085,4.268558,4.0,P
652.7,52.020078,4.268578,4.0,P
653.7,52.020069,4.268601,4.0,P
654.7,52.020060,4.268615,4.0,P
655.9,52.020052,4.268630,3.0,P
656.8,52.020048,4.268648,3.0,P
657.8,52.020045,4.268660,3.0,P
658.7,52.020047,4.268661,3.0,P
659.7,52.020054,4.268640,3.0,P
660.7,52.020062,4.268618,3.0,P
661.7,52.020070,4.268597,3.0,P
662.7,52.020083,4.268576,3.0,P
663.7,52.020086,4.268563,4.0,P
665.0,52.020091,4.268543,4.0,P
666.8,52.020094,4.268514,4.0,P
667.7,52.020097,4.268505,3.0,P
668.9,52.020100,4.268522,3.0,P
669.8,52.020101,4.268541,3.0,P
670.8,52.020096,4.268563,3.0,P
671.8,52.020092,4.268568,4.0,P
672.8,52.020091,4.268574,4.0,P
673.7,52.020086,4.268588,4.0,P
674.7,52.020080,4.268591,4.0,P
675.7,52.020073,4.268595,4.0,P
676.7,52.020066,4.268606,4.0,P
677.7,52.020060,4.268612,4.0,P
678.8,52.020055,4.268623,4.0,P
679.7,52.020046,4.268642,3.0,P
680.7,52.020034,4.268658,3.0,P
681.7,52.020030,4.268658,3.0,P
683.0,52.020037,4.268653,3.0,P
684.7,52.020048,4.268638,4.0,P
685.9,52.020065,4.268631,4.0,P
687.7,52.020079,4.268585,4.0,P
688.9,52.020087,4.268565,4.0,P
690.8,52.020094,4.268527,4.0,P
691.8,52.020098,4.268522,4.0,P
692.7,52.020107,4.268536,4.0,P
693.8,52.020109,4.268548,4.0,P
694.7,52.020098,4.268572,4.0,P
695.7,52.020089,4.268596,4.0,P
696.8,52.020086,4.268608,4.0,P
697.7,52.020082,4.268622,4.0,P
698.7,52.020076,4.268629,4.0,P
699.8,52.020068,4.268637,4.0,P
700.7,52.020059,4.268644,4.0,P
701.8,52.020049,4.268662,4.0,P
702.8,52.020043,4.268673,4.0,P
703.7,52.020038,4.268676,3.0,P
704.8,52.020033,4.268678,3.0,P
705.7,52.020032,4.268673,3.0,P
706.8,52.020033,4.268658,3.0,P
707.7,52.020039,4.268641,3.0,P
708.7,52.020047,4.268623,3.0,P
709.7,52.020054,4.268600,3.0,P
710.7,52.020056,4.268582,3.0,P
711.7,52.020064,4.268559,4.0,P
712.8,52.020063,4.268535,4.0,P
713.7,52.020073,4.268512,4.0,P
714.7,52.020078,4.268505,4.0,P
715.7,52.020081,4.268513,3.0,P
716.7,52.020083,4.268536,3.0,P
717.7,52.020079,4.268557,3.0,P
718.8,52.020071,4.268573,3.0,P
719.7,52.020065,4.268592,4.0,P
720.7,52.020062,4.268616,4.0,P
721.7,52.020060,4.268633,4.0,P
722.7,52.020054,4.268652,4.0,P
723.7,52.020053,4.268664,3.0,P
724.8,52.020051,4.268671,3.0,P
725.9,52.020047,4.268677,3.0,P
726.7,52.020044,4.268678,3.0,P
727.9,52.020040,4.268681,3.0,P
728.7,52.020043,4.268683,3.0,P
729.8,52.020050,4.268678,3.0,P
730.7,52.020062,4.268654,4.0,P
731.7,52.020072,4.268621,4.0,P
732.7,52.020081,4.268599,4.0,P
733.7,52.020083,4.268593,4.0,P
734.7,52.020084,4.268572,4.0,P
735.7,52.020085,4.268553,4.0,P
736.8,52.020088,4.268539,4.0,P
737.7,52.020088,4.268521,4.0,P
738.7,52.020091,4.268512,3.0,P
739.6,52.020090,4.268533,3.0,P
740.7,52.020083,4.268541,3.0,P
741.7,52.020078,4.268536,3.0,P
742.7,52.020078,4.268534,4.0,P
743.9,52.020076,4.268535,4.0,P
744.7,52.020071,4.268530,4.0,P
745.7,52.020065,4.268542,4.0,P
746.7,52.020059,4.268551,4.0,P
747.7,52.020054,4.268565,4.0,P
748.8,52.020047,4.268591,4.0,P
749.7,52.020042,4.268606,4.0,P
750.7,52.020034,4.268618,3.0,P
751.7,52.020028,4.268617,3.0,P
752.7,52.020030,4.268609,3.0,P
753.7,52.020034,4.268598,3.0,P
754.7,52.020040,4.268582,4.0,P
755.7,52.020052,4.268567,4.0,P
756.7,52.020059,4.268559,4.0,P
757.6,52.020056,4.268552,4.0,P
758.7,52.020059,4.268539,4.0,P
759.7,52.020062,4.268521,4.0,P
760.8,52.020067,4.268515,4.0,P
762.1,52.020069,4.268517,4.0,P
763.8,52.020068,4.268551,3.0,P
764.7,52.020074,4.268560,3.0,P
765.8,52.020074,4.268571,3.0,P
766.7,52.020071,4.268583,4.0,P
767.7,52.020066,4.268598,4.0,P
768.7,52.020060,4.268613,4.0,P
769.7,52.020059,4.268626,4.0,P
770.7,52.020057,4.268636,4.0,P
771.7,52.020052,4.268650,4.0,P
772.7,52.020050,4.268653,4.0,P
773.7,52.020047,4.268663,4.0,P
774.7,52.020045,4.268672,3.0,P
775.8,52.020048,4.268671,3.0,P
776.7,52.020054,4.268662,3.0,P
777.7,52.020057,4.268645,3.0,P
778.7,52.020062,4.268627,4.0,P
779.7,52.020072,4.268605,4.0,P
780.7,52.020076,4.268591,4.0,P
781.7,52.020081,4.268572,4.0,P
782.7,52.020087,4.268556,4.0,P
783.7,52.020092,4.268545,4.0,P
784.7,52.020098,4.268551,4.0,P
785.7,52.020101,4.268550,4.0,P
786.7,52.020107,4.268558,4.0,P
787.7,52.020108,4.268566,4.0,P
788.7,52.020103,4.268578,4.0,P
789.7,52.020099,4.268592,4.0,P
790.8,52.020091,4.268608,4.0,P
791.7,52.020082,4.268620,4.0,P
792.7,52.020076,4.268627,4.0,P
793.7,52.020064,4.268643,4.0,P
794.7,52.020057,4.268650,4.0,P
795.8,52.020052,4.268651,4.0,P
796.7,52.020049,4.268656,3.0,P
797.8,52.020047,4.268651,3.0,P
798.7,52.020048,4.268642,3.0,P
799.8,52.020041,4.268634,3.0,P
800.7,52.020037,4.268616,4.0,P
801.8,52.020053,4.268584,4.0,P
802.9,52.020053,4.268566,4.0,P
803.8,52.020055,4.268553,4.0,P
804.7,52.020060,4.268542,4.0,P
805.6,52.020062,4.268528,4.0,P
806.6,52.020062,4.268525,4.0,P
807.7,52.020068,4.268544,4.0,P
808.6,52.020067,4.268561,4.0,P
809.7,52.020071,4.268571,4.0,P
810.7,52.020068,4.268586,4.0,P
811.7,52.020068,4.268604,4.0,P
812.7,52.020069,4.268619,3.0,P
813.7,52.020076,4.268631,3.0,P
814.7,52.020087,4.268647,3.0,P
815.7,52.020093,4.268655,3.0,P
816.7,52.020103,4.268667,4.0,P
817.7,52.020106,4.268683,4.0,P
818.7,52.020111,4.268699,4.0,P
819.7,52.020112,4.268706,4.0,P
820.7,52.020114,4.268710,4.0,P
821.7,52.020112,4.268709,4.0,P
822.7,52.020114,4.268703,4.0,P
823.8,52.020121,4.268692,4.0,P
824.7,52.020122,4.268683,3.0,P
825.7,52.020123,4.268683,3.0,P
826.7,52.020123,4.268683,3.0,P
827.7,52.020123,4.268682,3.0,P
828.7,52.020122,4.268681,2.0,P
829.7,52.020123,4.268680,2.0,P
830.7,52.020123,4.268680,2.0,P
832.0,52.020123,4.268678,2.0,P
833.8,52.020123,4.268677,2.0,P
834.7,52.020123,4.268676,2.0,P
835.7,52.020123,4.268676,2.0,P
836.7,52.020123,4.268676,2.0,P
837.8,52.020123,4.268676,2.0,P
838.7,52.020123,4.268676,2.0,P
839.8,52.020123,4.268676,2.0,P
840.7,52.020123,4.268676,2.0,P
841.7,52.020121,4.268675,2.0,P
842.8,52.020119,4.268675,2.0,P
843.7,52.020119,4.268674,2.0,P
844.7,52.020120,4.268677,2.0,P
845.8,52.020122,4.268678,2.0,P
846.7,52.020122,4.268677,3.0,P
847.7,52.020123,4.268675,3.0,P
848.7,52.020124,4.268672,3.0,P
849.7,52.020125,4.268667,3.0,P
850.7,52.020124,4.268664,3.0,P
851.7,52.020122,4.268665,3.0,P
852.8,52.020123,4.268662,3.0,P
853.7,52.020126,4.268656,3.0,P
854.7,52.020127,4.268658,3.0,P
855.8,52.020127,4.268658,3.0,P
856.7,52.020127,4.268657,3.0,P
857.7,52.020127,4.268657,3.0,P
858.7,52.020128,4.268656,3.0,P
859.7,52.020129,4.268655,3.0,P
860.7,52.020129,4.268654,3.0,P
861.7,52.020129,4.268653,3.0,P
862.7,52.020129,4.268653,3.0,P
863.7,52.020129,4.268652,3.0,P
864.7,52.020129,4.268649,3.0,P
865.7,52.020129,4.268649,3.0,P
866.7,52.020129,4.268649,3.0,P
867.7,52.020128,4.268648,3.0,P
868.8,52.020127,4.268648,3.0,P
869.8,52.020127,4.268649,3.0,P
870.7,52.020127,4.268649,3.0,P
871.7,52.020125,4.268647,3.0,P
872.7,52.020122,4.268643,3.0,P
873.7,52.020121,4.268644,3.0,P
874.7,52.020121,4.268644,3.0,P
875.7,52.020121,4.268644,3.0,P
876.7,52.020121,4.268644,3.0,P
877.6,52.020121,4.268645,3.0,P
878.7,52.020121,4.268645,3.0,P
879.7,52.020121,4.268646,3.0,P
880.7,52.020121,4.268645,3.0,P
881.7,52.020121,4.268646,3.0,P
882.7,52.020121,4.268646,3.0,P
883.7,52.020121,4.268646,3.0,P
884.7,52.020119,4.268647,3.0,P
885.8,52.020119,4.268648,3.0,P
886.7,52.020118,4.268652,3.0,P
887.6,52.020118,4.268652,3.0,P
888.7,52.020118,4.268650,3.0,P
889.7,52.020121,4.268645,3.0,P
890.7,52.020124,4.268638,3.0,P
891.7,52.020125,4.268635,3.0,P
892.7,52.020125,4.268630,3.0,P
893.7,52.020124,4.268628,3.0,P
894.7,52.020125,4.268627,3.0,P
896.0,52.020125,4.268625,3.0,P
897.6,52.020125,4.268625,3.0,P
898.7,52.020124,4.268625,3.0,P
899.9,52.020124,4.268625,3.0,P
900.7,52.020124,4.268624,3.0,P
901.7,52.020123,4.268624,3.0,P
902.7,52.020123,4.268622,3.0,P
903.7,52.020122,4.268622,3.0,P
904.7,52.020123,4.268620,3.0,P
905.7,52.020123,4.268619,3.0,P
906.7,52.020122,4.268619,3.0,P
907.7,52.020122,4.268619,3.0,P
908.7,52.020122,4.268619,3.0,P
909.9,52.020123,4.268619,3.0,P
910.7,52.020123,4.268618,3.0,P
911.7,52.020123,4.268618,3.0,P
912.7,52.020123,4.268615,3.0,P
914.1,52.020123,4.268611,3.0,P
915.9,52.020122,4.268608,3.0,P
917.7,52.020123,4.268608,3.0,P
918.7,52.020122,4.268608,3.0,P
919.7,52.020123,4.268608,3.0,P
920.8,52.020123,4.268607,3.0,P
921.7,52.020123,4.268606,3.0,P
922.9,52.020123,4.268605,3.0,P
924.7,52.020125,4.268602,3.0,P
925.7,52.020125,4.268602,3.0,P
926.7,52.020125,4.268601,3.0,P
927.6,52.020126,4.268601,3.0,P
928.7,52.020126,4.268601,3.0,P
929.6,52.020126,4.268600,3.0,P
930.6,52.020126,4.268601,4.0,P
931.6,52.020127,4.268603,4.0,P
932.6,52.020125,4.268595,4.0,P
933.6,52.020123,4.268585,4.0,P
934.6,52.020119,4.268579,4.0,P
935.6,52.020110,4.268582,4.0,P
936.6,52.020103,4.268583,4.0,P
937.6,52.020103,4.268586,4.0,P
938.7,52.020102,4.268584,4.0,P
939.7,52.020102,4.268584,4.0,P
